lrwxr-xr-x. 1 kpscanlo users 72 Apr 15 13:24 lab2 -> /afs/cats.ucsc.edu/users/x/kpscanlo/12b/Labs-cmps012m/lab2u-unix-shells/
  File: `lab2' -> `/afs/cats.ucsc.edu/users/x/kpscanlo/12b/Labs-cmps012m/lab2u-unix-shells/'
  Size: 72        	Blocks: 2          IO Block: 4096   symbolic link
Device: 15h/21d	Inode: 1024134546  Links: 1
Access: (0755/lrwxr-xr-x)  Uid: (10307/kpscanlo)   Gid: (  101/   users)
Access: 2014-04-15 13:24:46.000000000 -0700
Modify: 2014-04-15 13:24:46.000000001 -0700
Change: 2014-04-15 13:24:46.000000000 -0700
